[..##..] (0,5) (1,2,3,4,5) (1,3,4,5) (3,4) (2,3,5) (0,1,2,5) {29,40,23,42,39,52}
[..#...#.#] (2,7) (1,4,7) (0,1,3,4,5,6,8) (2,3,4,5,6,7,8) (1,4,6,7) (0,2,4,5,6,7,8) (0,5,7) (0,1,3,5,6,7,8) (0,4,6) (0,1,2,5,6,7,8) (0,1,2,3,5) {237,230,49,207,213,228,221,72,200}
[..####.] (0,2,4,6) (0,1,2,3,5) (0,1,2,3,6) (1,4) (0,5) (2,3,5) (3,6) (0,4) {40,25,40,35,11,33,20}
[.#..#.#.] (0,1,3,4,6,7) (0,2) (0,1,2,4,5,6) (0,1,3,6,7) (2,3,4,5,7) (0,3,4,5,7) (0,2,3,5,6) (0,4,5,6,7) {69,38,26,29,38,36,60,45}
[......#] (0,6) (1,5) (2,3,4,6) (3,4) (0,3) (1,3,4,5,6) (0,1,2,4,5,6) {37,37,23,36,43,37,55}
[##.#.#####] (1,2) (1,2,3,5,7,8,9) (5,6) (1,4,6,7,8,9) (3,4,5,6,8) (1,2,4,5,6,7,9) (4) (1,4,5,6,7,9) (1,3,4,9) (3,7) (0,2,7) {13,51,33,21,52,37,56,56,26,48}
[#######..] (0,3,4,5,7) (0,1,2,3,6) (0,3,8) (0,1,2,4,5,6,8) (0,2,5,6) (0,3,4,5,6,7,8) (0,1,2,3,6,7,8) (4,6) {78,34,49,55,40,36,73,22,38}
[#..##.##] (0,3) (3,4,6) (0,2,3,4,6,7) (2,6) (6,7) (1,3,4,5) (0,2) (0,2,4,6,7) (5,6) (1,2,4) {37,13,46,38,51,118,170,30}
[###.] (1,3) (0,1,2) {0,17,0,17}
[.##..##..#] (0,1,2,4,6,7,8,9) (0,2,5,6,7,8,9) (0,2,3,4,5,7) (0,3,4,7,8,9) (0,1,5) (0,4) (1,3,8) (5,7,8,9) (1,2,3,5,6,7,8,9) (0,1,3,4,5,7) {41,46,39,57,30,52,20,50,44,26}
[#..#.####] (2,4,5,7) (0,1,2,3,4,5,6) (3,4,5,6,7,8) (2,3,4,5) (3,4,5,6,8) (0,1,2,4,5,6,8) (0,1,2,3,7) (0,5,7) (6,8) {29,28,52,49,56,57,52,42,42}
[#.####.#.] (1,2,3,6,7) (0,1,2,3,4,6,7) (1,2,3,7,8) (1,6,7) (3,6) (3,5,6) (1,2,4,5,6,7,8) (0,1,2,3,4,5,6) (1,2,3,4,5,7,8) (0,1,2,4,5,6,7,8) {9,74,62,55,41,43,58,68,35}
[...##....#] (0,1,2,3,4,5,6) (0) (4,6) (1,2,4,5,6,7,8,9) (0,1,2,4,7,8,9) (1,6,7,8,9) (0,1,2,3,4,5,6,7,8) (0,1,2,4,5,6,7,8) (0,2,3,4,6,7,8,9) (6,7) (1,4,6) (5,6) {48,67,65,30,85,51,90,65,63,35}
[..##.#..] (0,5,6,7) (0,1,2,5,7) (2,3,4) (2) (2,3) (2,3,4,7) (1,2,4) (0,2,3,4,6,7) (0,2,3,4,5,6) (0,2,3,7) {66,19,82,59,34,43,40,71}
[#.#.] (1,2) (0,2) (0,3) {27,2,18,11}
[..####] (2,5) (2,3) (0,1,3,5) (2,4,5) (4) (0,1,3,4) (0,1,3) {168,168,27,171,29,27}
[#...#] (0,3) (2,3,4) (1,2,3,4) (0,1,3) (0,2,3) {192,24,26,218,26}
[#....#..] (0,2,5,6,7) (0,1,4,5) (0,1,2,3,5) (3,5) (1) (0,1,3,4,6,7) (3,6,7) (1,4,6) (0,2,5) (3,7) {38,35,32,49,10,47,11,25}
[..#####.#] (0,4,7) (1,4,5,8) (3,6) (0,1,4,5,6,8) (1,4,5) (1,2,8) (2,6,7) {19,41,24,8,36,31,36,19,27}
[...#..#.#.] (0,3,8) (4,6,7,9) (1,2,4,5,6,7) (1,2,3,5,6) (7) (0,2,4,5,7) (1,2,5,6,9) (1,2,5,6,7,8,9) (6,9) (2,3,5,8,9) (0,1,2,5,8,9) (0,1,5) (4,9) {48,42,54,27,48,66,42,67,50,68}
[.#.#.#] (0,1,2,5) (2) (1,2,3,5) (0,1,2,3,4) {11,16,119,10,5,11}
[#.##] (1,2,3) (1) (0) (0,2,3) (1,3) (2) {4,30,30,28}
[#.....#..#] (3,4,6,7,8,9) (0,1,2,6,7,8) (1,2,3,4,5,8,9) (0,1,2,4,5,6,7,8) (0,6,9) (1,3,6,7,9) (1,4,5) (0,1,2,5,6,7,8,9) (1,3,6,7) {20,83,36,55,47,43,59,59,47,50}
[####.##] (0,3,4) (4,5,6) (1,3,4,5,6) (2,3) (1,3,6) (0,1,3,5,6) (0,3,4,6) (2,3,4,5,6) {36,40,29,86,59,61,92}
[#.##] (1,2,3) (0,2,3) {12,8,20,20}
[..#...#] (0,4,5) (0,1,5,6) (0,1,2,3,4) (2,3,4,5) (0,3) {35,19,6,20,8,21,16}
[#..##] (0,2,4) (0,1,4) (0,1,3,4) (0,4) (2,3) (1,2,3) {51,45,34,43,51}
[.######] (5,6) (0,1,3,4,5) (0,1,3,5,6) (1,2,3,5,6) (0,2) (0,1,2,3,4) (1,3,4,5,6) (1,2,3,4) (3,5) {49,62,40,71,36,62,37}
[####] (1,3) (2,3) (3) (0,1,2) (0,2) (0,1) {21,23,21,27}
[#.#..#] (2,4) (0,4,5) (1,3,4) (0,1,3,5) {16,3,10,3,25,16}
[##.##.] (0,2,3,5) (0,1,4,5) (0,1,3,4) (3,5) {220,207,13,225,207,48}
[.#..##.] (1,4) (1,3,6) (0,3,4,5,6) (1,6) (5) (0,1,4,6) (1,2,5) (4,6) (0,2,4,5) {49,49,19,29,73,52,64}
[###..#...] (0,2,4,7) (2,4,5,6,7,8) (0,1,8) (0,1,2,3,4,8) (0,1,3,4,5,6,7,8) (1,2,3,4,5,6,7) (0,1,6) {58,62,56,43,76,57,62,72,56}
[...###.] (0,2,3,4) (1,3,4,5,6) (0,2,4) (0,2,5) (0,1,2,3,5,6) {44,13,44,29,36,18,13}
[.#.#...#] (1,2,4,6,7) (0,1,2,4,5,6,7) (0,1,2,3,4,6) (1,2,3,4,6,7) (2,3) (5,6) (0,1,2,3,5,7) {39,66,83,50,46,58,65,66}
[#.##.##] (0,3,4,5,6) (1,3,4,5) (0,3,4,6) (2,4) (0,2,3,5,6) (0,1,3,4,5) (0,4) (0,2,3,4,5,6) {40,3,28,38,48,31,35}
[##..#.#..] (1,3) (1,3,8) (1,2,4,5,6,7,8) (7) (0,1,4,5,6,7,8) (2) (0,1) (1,4,5) (2,6,7) (0,1,4,8) (1,2,3,4,5) {29,231,47,183,51,40,28,47,174}
[.###.#] (2,3,4) (0) (0,1,2,4) (2,4) (3,4,5) (1,2,3,5) (2,3) (0,1,4,5) {37,31,33,44,48,45}
[...#.#] (0,4) (1,2,5) (1,2,3) (2,3,4) {16,29,35,21,22,14}
[#..#.] (0,2,4) (0,4) (3,4) (1,4) (1,2,3,4) {20,13,13,10,39}
[#####..#.] (0,1,3,5,6,8) (1,3,7) (0,1,3,5,6,7,8) (1,2,4,5,7,8) (1,7,8) (3,4,5,7) (3,7) (0,1,2,4,6) (1,2,3,4,5,6,8) {196,242,203,52,209,51,206,50,50}
[#.####] (2,4) (0,2,3,4,5) (1,2,3,5) (1,3) {136,11,152,147,145,143}
[#.#.] (2,3) (1,3) (1,2,3) (0,3) {0,23,12,23}
[..#..#] (1,3,5) (1,2,3) (0,2,3,5) (1,2,4,5) (0,2,5) {20,24,43,29,6,27}
[#.##] (0,3) (1,3) (0,2) (1) (1,2,3) {21,31,20,46}
[#.#.] (1,3) (2,3) (1,2,3) (0,1) {156,173,6,23}
[#...#...] (2,4,5) (2,3) (1,2,3,5,6) (0,2,3,5,6,7) (2,7) (1,2,4,6,7) (0,1,2,3,4,6) (0,6) {51,47,81,62,28,36,81,33}
[#..##.#.] (3,4) (0,1,5,6,7) (0,3,4,7) (0,7) (0,2,4,6,7) (0,1,2,3,4,5,6) (1,2,5) {53,25,7,33,35,25,26,49}
[.####.#.] (0,1,2) (0,2,3,5,7) (6,7) (0,1,4,5,6) (2,4,5,6) (0,1,4,5) (0,2,3,4,6,7) {43,30,22,13,39,48,20,13}
[.#####.] (4,5) (1,3) (0,1,3,4,6) (1,3,6) (2,6) (0,3,4,5,6) {17,21,5,31,33,26,33}
[.#.#..] (1,4) (0,1,2,4,5) (2,3,5) (0,1,3) (0,1,2,3,4,5) {37,44,45,36,40,45}
[##.#] (2,3) (0,1,2) (1,3) (1,2) {5,24,24,38}
[#..##.#.#.] (3,6) (3,6,9) (5,6,7,9) (0,4,5,7) (8) (2,3,4,5,6,7,8) (2,5,6,8) (0,1,2,3,4,5,6,7,8) (1,2,3,4,6) (0,1,6,9) (1,5) (1,2) (0,2,6,7,9) {48,27,44,30,35,57,77,56,42,43}
[##.####..#] (1,5,8) (2,3,4,5,6,7) (0,2,3,6,8) (2,5,9) (2,6) (0,2,4,6,7,8) (1,2,3,6) (7,8) (4,5,7) (0,1,2,3,5,9) (1,2,4,5,6,8) {48,40,99,48,42,51,71,38,46,28}
[#...###] (0,2,3,4,6) (0,1,2,4,5,6) (0,1) (0,4,5,6) (1,3,6) (0,4) (5) (0,2,3) {49,25,7,6,35,32,23}
[..#..###] (2,3,4,5,6,7) (5,7) (0,1,3,5,7) (1,2,3,5,7) (2,3,4,5,7) (0,1,2,3,4,5) (6,7) (1,7) (0,3,4,5,6) {37,51,38,64,44,82,28,92}
[###.#...#] (0,3,7) (0,1,2,3) (3,7) (0,4,5,6) (5,6) (0,3,8) (1,2,3) (2,4,7,8) {36,22,25,40,15,27,27,7,17}
[.###..#.] (2,3,6) (1,2,3,5) (0,2,3,5,6) (3,4) (0,1,2,3) (1,2,3,6) (0,7) {42,43,66,75,9,16,43,19}
[###.] (2,3) (0,1,3) (1,3) {7,24,159,183}
[....######] (1,2,3,4,5,6,7,8) (0,2,3,4,5,6,9) (3,5,6,7) (0,2,3,5,7,8) (1,3,4,7) (1,2,9) (2,4,8) (7,8) (0,1,2,3,4,5,7,8,9) (2,4,5) (1,3,8,9) {38,64,88,88,90,79,34,84,72,55}
[.####...] (0,3,6) (0,2,5) (0,3,4) (0,3,5,6) (1,2,4,6,7) (0,1,2,5) {49,187,192,32,190,25,192,175}
[.#.#..##] (0,2,3,4,5,6,7) (0,1,4,6,7) (1,2,5) (0,1,2,3,5) (3,5,7) (0,1,2,5,6,7) (0,1,2,3,5,6) (0,1,6,7) (5,7) (1,2,3,6,7) {47,66,54,38,24,61,61,73}
[.##.#] (0,2,3) (2,3,4) (1,2,4) (0,3) (0,1,2,3) (0,2) {54,18,58,60,22}
[.#..#..##] (0,2,4,6,8) (0,1,3,5,6,7,8) (0,1,3,4,5,8) (0,1,2,3,4,5,7) (0,6,7) (1,2,6,7) (0,2,3,6,7,8) (0,1,2,3,4,8) (6) (3,5,6) (0,1,2,3,4,5,6) {85,56,69,89,55,53,89,39,50}
[#######..] (3,6) (1,5,7) (0,1,2,3,4,5,6) (0,1,3,4,6) (0,1,3,4,5,6,8) (2,3,5,7,8) (1,2,3,5) (0,1,3,4,6,8) {43,64,28,62,43,65,45,30,41}
[#.#..#] (0,1,3) (1,3,5) (1,2,3) (2,4) (0,1,2,3) (2,3,4,5) (0,2,3,5) (1,4,5) {18,146,38,150,29,142}
[#..#.] (0,1,2) (0,4) (0,2,3) (3,4) (2,3,4) (0,1,2,3) (0,1) {214,182,191,188,29}
[####.#.] (2,3) (0,2,5,6) (0,1,5) (0,1,4) (0,4,5) (0,2,3,6) (0,1,3,4,6) {40,16,28,18,21,21,22}
[....#] (0,1) (1,2,4) (0,1,2) (0,2) (1,3) (2) (4) {44,59,42,13,28}
[..##.#..] (2,4,5) (0,1,2,5,6,7) (0,2,3,5,6) (1,2,3,5,6,7) (0,1,2,6,7) (0,2,4,6) {230,200,239,18,21,40,230,200}
[#.##.] (2,4) (0,1,3,4) (0,3,4) {29,19,15,29,44}
[###.#..###] (0,7,9) (2,6) (3,5,6) (0,2,6,8) (3,4) (0,4,5,7,8,9) (1,3,7,8,9) (2,3,4,6) (1,2,3,4,6) {37,19,38,56,38,29,57,36,29,36}
[..##.#] (1,4) (2,3,4) (0,1,2,4) (5) (3,4) (0,3) (4,5) (0,1,3) {45,50,24,39,52,19}
[.#....] (0,1,3,5) (1,2,4) (0,2,3,4) (0,1,2,4) (1,2,3,4,5) (1,2,5) (2,3) {25,75,77,55,38,54}
[.....#..] (0,1,4,7) (0,1,5,6) (1,4,6,7) (0,1,2,7) (5) (0,3) {50,54,19,15,35,1,19,54}
[.###] (1,2,3) (2,3) (1,2) (0,3) (1,3) (0,1,3) {31,36,16,54}
[.###..#.] (0,2,3,5,7) (0,1,2,3,5,6) (1,3,4,6,7) (0,2,4,5,7) (1,3,5,7) (1,5,6,7) (0,1,2,4,5,6) (1,2,3,6) (0,2,3,4,5,6,7) {52,60,52,68,34,74,56,62}
[#..#] (1,2) (0,1,2) (0,2) (0,3) {27,158,165,11}
[..#..###.] (1,3,5,6) (0,1,2,3,5,6) (1,3,6) (0,1,3,4,6,7,8) (0,1,3,5,8) (2) (0,1,3,4,5,7) (0,2,3,5,6,7,8) (2,4,5,6) (0,1,5,7) {46,51,52,56,26,75,62,27,15}
[......##.] (0,1,2,4,5,6,7,8) (0,4,5) (0,1,2,3,4,6,7,8) (0,1,2,3,5,6,7) (0,4,5,6,7) (1,2,3,4,5,8) (1,3,6,7) {71,92,78,72,70,71,74,74,58}
[.###] (0,2,3) (1,2,3) {5,13,18,18}
[.#......#] (1,2,3,4,5,7,8) (1,2,3,5,7,8) (2,6,7) (1,3,4,6) (6) (0,4,6,7,8) (0,1,2,3,5) (1,3) (2,4,8) (0,2,3,4,5,6,7) {21,27,187,39,52,29,192,185,33}
[##..] (0,2) (1,2) (1,3) (0,2,3) {23,26,29,36}
[.##.#] (1,2,4) (1,2) (0,3,4) {15,28,28,15,33}
[...#.####] (1,4,5,7,8) (0,2,7) (0,1,2,5,7,8) (0,2,4,5,6,8) (1,2,3,4,6) (2,3,5,7,8) (2,6,7) (7) (3,4,5) (1,3,4,5,6,7,8) {29,49,56,39,71,66,47,53,54}
[##...#.#..] (0,2,5,6) (1,2,3,4,5,7,8) (3,6,8) (1,3,6,7,9) (2,5,6) (0,2,5,8) (2,4,9) (1,2,3,4,5,6,7,8,9) (1,3,6,8) (1,2,4,5,6,8,9) {13,51,57,52,25,57,89,32,49,41}
[#..###] (1,4) (0,1,3,5) (3,5) (2,3,4,5) (2,4) (0,5) {30,25,25,50,35,65}
[#...##] (1,2,3,5) (2) (0,3,5) (0,1) (0,4,5) (0,1,3,5) (2,4,5) (3,5) {43,38,39,42,36,78}
[##......#.] (0,2,4,9) (0,2,3,4,8,9) (1,2,4,5,7) (2,8,9) (2,3,6,9) (2,3,4,5,6,7,9) (0,3,6,7,8,9) (1,4) (1,5) (1,3,4,8,9) {13,33,29,12,27,24,11,6,11,30}
[..###] (2,3,4) (0,1,2) (0,1,2,4) (0,2,3) (1) (3,4) {16,24,18,19,14}
[#####.##.] (2,3,4,5,7,8) (0,1,2,3,4,5,6,8) (0,1,2,3,4,6,7) (0,2,4,6) (2,4,8) (2,4,7,8) (1,4,7,8) (1,2,3,7) (0,2,3,6,7,8) {26,29,50,38,51,17,26,49,48}
[###.] (1,3) (1) (0,1,2) (0,2) (0,1) {47,48,36,10}
[.#.#..#...] (0,3,4,7,8,9) (0,1,2,3,4,5,6,7,8) (1,3,5,6,7,8,9) (1,3,4,5,6) (0,1,4,5,6,9) (0,1,3,4,6,7,8) (0,7,8) (0,2,3,4) {76,57,12,75,71,37,57,72,72,41}
[##..#] (1,2,4) (0,1,2) (0,2,3) (0) (0,2) (3,4) {35,12,37,20,13}
[#..####] (1,2,5) (2,6) (0,1,4,6) (1,2,3,4,5) (3,4) (0,2,3,4,5,6) (4,6) (0,4,5) {28,19,44,31,57,37,51}
[###.#] (0,1,2,4) (1,2,3) (0,3,4) {23,27,27,34,23}
[###.#..#.#] (1,5,7,8,9) (4,9) (0,1,6,7,9) (0,1,3,5,6,8) (2,3) (0,1,3,5,6,7,8,9) (0,1,4) (0,3,4,6) (1,2,3) (6,8) (0,2,5,6,7,8,9) {181,28,17,167,168,14,175,18,19,20}
[###..] (1,2,4) (0,1,4) (0,1,2) (0,3) {35,37,32,14,21}
[##.#..#..#] (4,5) (1,2,3,4,6,7,9) (0,2,9) (0,1,2,3,4,5) (2,3,4,5,6,7,8,9) (1,7) (2,3,4,8) (0,1,2,3,4,6,8,9) (0,1,3,6,7,8,9) {225,245,252,241,236,4,221,41,221,237}
[.####.#..#] (0,1,2,3,5,6,7,9) (3,4,5,6,8,9) (0,1,2,3,4,5,8) (0,1,2,3,4,6,7,9) (0,1,6,8) (0,1,2,3,5,6,9) (0,2,3,8) (0,1,3,4,5,6,7,8,9) {64,46,36,47,13,27,46,26,46,29}
[##.#] (0,3) (1,2) (0,2,3) (1,2,3) {19,11,29,26}
[##.###.###] (0,1,3,4,5,7,8,9) (2,4) (0,4,5,6,8,9) (0,2,3,4,5,6,7,8) (0,1,3,4,5,6,8,9) (3,4,5,7,9) (0,1,4,5,6,9) (0,8,9) (2,5,7,9) (0,6) (0,1,5,7,9) (8) (3,6) {90,44,21,55,68,67,74,30,65,77}
[.#...] (3,4) (0,1,2) (0,1,3) (0,4) (2,4) {37,20,14,17,28}
[##.....###] (2,3,5,6) (0,1,3,4,6,8,9) (3,4,6,7) (0,1,4,5,6,8,9) (0,1) (7) (0,3,4,8,9) (0,4,5,6,8,9) (1,2,3,8,9) (0,2,3,7) (0,3,4,7) (4,5,8,9) {89,47,29,76,86,51,79,46,73,73}
[.#.#.] (1,3) (0,2,4) (0,1,4) (0,1,3) {180,32,158,13,177}
[.#..] (0,1,3) (0,1,2) (1,2,3) (0,3) (0,2) {60,53,44,54}
[..#.....#] (0,1,2,3,5,7) (2,8) (0,4,6,7,8) (0,1,3,4) (6) (1,4,8) (1,2,3,7) (0,6) (2,5) {35,17,32,11,21,17,46,20,25}
[..####] (0,1,2,3,5) (0,3) (0,1,4) (0,1,2,3,4) {30,23,23,30,17,6}
[####...#.#] (0,2,4,5,6,8,9) (2,3,6,7) (0,1,3,6,7,8,9) (0,2,3,4,5,7,8,9) (0,1,3,7,8) (0,1,2,3,5,8,9) (0,1,2,3,4,6,7,9) (1,2,3,4,6,7,9) (0,3,4,5,9) (4,8) {233,213,58,252,79,43,217,229,225,248}
[.#.##.] (4,5) (0,2,4,5) (0,1,5) (2,3) (1,3,4) {36,35,27,26,37,42}
[#.#.###] (3) (0,4,6) (0,1,2,6) (1,6) (1,2,3,4) (1,4,5) {186,11,1,1,191,6,190}
[.##.#] (0,3) (1,2,4) (0,1,2) {152,145,145,18,11}
[#...#..] (0,4,5,6) (0,1,5,6) (1,3,4,5,6) (0,2,3,4,6) (0,2,3,6) (1,3,5,6) (3) (1,2,3,4,6) (2,3,4) {41,23,44,184,49,31,64}
[###..#.] (1,2,3,4,5,6) (0,1,5) (1,2) (1,3,4) (1,3,4,5,6) {9,55,28,35,35,35,26}
[..#..#.] (0,2) (1,2,4,5) (3,6) (0,5) (0,1,2,3,5,6) {35,23,27,37,5,36,37}
[.#....#.#] (2,3,4,5,7,8) (4,6) (0,1,2,3) (1,2,3,4,5,6,7) (3,5) (0,1,3,5,6,7) (0,1,2,3,4,5,6,8) (0,1,4,5,6,7) {31,47,35,41,61,52,61,28,18}
[.#.#.#.] (0,1,2,3,6) (0,1,3,4,5,6) (1,2) (0,3,4,5,6) (3,5) (3,4,6) {33,43,28,146,133,26,143}
[..###.##] (0,2,3,4,6) (0,2,6,7) (0,1,2,4,6,7) (1,2) (0,1,2,3,4,5,6) (0,2,3,4,5) (1,4,5) (3,4,5) {52,28,52,40,57,39,32,13}
[.#.#] (1,2) (1,3) (0,3) (1) (2,3) (0,2,3) {1,34,16,30}
[#...#.#] (0,1,2,3,5,6) (0,2,3,4,6) (2,3) (3,4,5) (2,3,4,5) (0,2,4,6) {21,8,44,63,50,45,21}
[#...#] (0,1,2,4) (1,2,3) (0,1,3) (2,3,4) (2,3) (0,2,3) (0,2,4) {34,34,74,53,39}
[#.......#] (0,1,3) (1,2,4,5,7,8) (0,3,4,5,6,7,8) (5,8) (0,1,2,3,4,5,6) (4,6,7) (0,1,2,3,4,6,7) (1,2,3,6,8) (0,7) (0,1,2,3,4,5,7,8) (1,3,4,7,8) {60,87,51,80,84,51,52,89,76}
[#.#.#.] (0,1,2,5) (0,2,4) (1,2,3,4) (0,1) (0,3) (4,5) {15,10,10,11,12,16}
[#..#######] (0,2,4,5,6,7,9) (1,2,3,4,5,6,8,9) (4,6,8) (2,3,5,6,7,8,9) (1,3,5,9) (0,3,4,5,6,7,8,9) (2,3,4,6,7,8,9) (0,2,3,4,5,7) {29,1,45,64,51,47,58,63,58,54}
[#.##..#..#] (0,1,2,5,6,7,8,9) (1,2,3,5,7) (0,1,2,3,4,5,7) (1,2,3,4,5,7,8) (1) (0,2,4,6) (0,1,3,5,6) (0,2,5,6,7,8) (1,3,4,8,9) (2,3,4,5,7,9) (2,3,4,8,9) (0,2,5,6,7,9) {86,252,277,248,54,265,68,249,55,41}
[..##.#.] (0,1,2,5) (3,5) (2,3,4,5,6) (0,2,3,4,5) (0,1,3) (0,1,2,4,5) (0,1,2,4,6) {152,151,161,22,146,161,15}
[..#...#.#] (0,1,2,3,4,7) (0,1,3,5,6,7) (1,5) (5,7) (0,2,4,6,8) (1,2,3,8) (1,3,4,5,6,7,8) (0,2,4,6,7) (1,2,4,5) (0,1,2,3,5,6) (0,1,3,5,8) {50,83,55,62,49,58,35,42,43}
[#.#.#.##.#] (0,2,3,5,6,8,9) (2,3,6) (8) (0,1,2,5) (0,1,3,4,5,6,7,8) (2,7) (0,3,4,7,8,9) (0,1,2,5,7,8) (0,4,6,9) (1,3,4,8) (0,1,2,3,4,5,9) (0,2,3,5,8) (0,1,2,7,8,9) {188,54,82,195,156,69,54,144,175,150}
[..#.#....#] (4,7,8) (1,2,4,5,6,7,9) (1,2,3,4,6,7,8,9) (4,7) (0,4,7) (3,8) (3,5,6,9) (1,4,5,6,7) (0,1,7,8,9) {20,29,20,30,49,21,29,55,38,32}
[.#.##.] (0,2,4,5) (1,2,3,4) (0,1,2,4,5) (0,1,3,4) (2,3) (0,1,2,3) (1,3,4) (0) {202,53,52,57,56,25}
[#####.#.#.] (1,4,6,7,8) (0,2,3,6,9) (0,2,6) (0,1,3,4,5,6,8,9) (0,3,5,6,7,8) (2,3,4) (0,1,2,6,7,9) (0,1,8,9) (4,6,8,9) (2,3,8) (3,5,7,8,9) (2,4,5,6,7) {171,148,78,203,177,166,188,43,201,191}
[.####] (1,3) (2,4) (0,2,4) (1,2,3) {11,14,40,14,27}
[###.] (0,1) (0,2,3) (1) (2,3) (0) (1,2) {26,32,47,29}
[..#.#.] (2,3,4) (0,1,2,4,5) (0,2,3,4) (0,1) (2,3) (1,2) (1,4) (1,2,3,4) {41,61,208,189,59,11}
[.###.#] (0,4) (0,2,3,4) (0,1,3,4,5) (0,1,2,3,4) (0,2,3,4,5) (3) (1,2,3) (2,3,5) {44,26,29,42,44,25}
[.#.#...] (0,2,4) (4,5,6) (1,3) (1,3,4) (0,3,4) (0,1,2,4,5) (0,1,4,5,6) {59,49,26,34,68,29,19}
[.#####..#] (1,5,6,7) (0,1,2,6,7) (0,8) (0,1,2,3,4,7,8) (1,2,3,4,5,6,8) (1,2,4,8) (2,3,6,7,8) (4,5,6,7,8) (0,2,3,4,6,8) (8) (2,3,5,8) {32,38,61,49,54,50,51,33,87}
[...##.#..] (2,8) (2,4,6,7) (0,1,2,3,6,8) (0,1,2,5,8) (0,1,4,5,7,8) (0,1,2,3,4) (0,1,2,3,4,5,6,8) (1,3,4,5,8) (0,7,8) (1,3,4,5,7) {86,99,85,62,76,67,38,52,80}
[##.#.##.#] (2,3,5,7,8) (4,6) (0,2,6,8) (1,2,3,4,5,6) (1,3,4,7,8) (0,1,3,4,6) (1,2,3,4,6) (2,3,7,8) (0,2,4,5,6,8) {36,21,74,46,44,42,56,25,57}
[.....#.#] (0,1,4,7) (2,3,7) (0,1,2,4,7) (0,3,4,5,6) (0,4,5,6) (2,6) (1,3) (2,4,6,7) (2,3,4) (0,6) {59,50,35,35,61,14,45,44}
[#..#..] (0,1,4,5) (1,2,3) (0,1,2,5) (0,1,2,3) (0,1,2,4,5) (2,3) {30,46,55,36,17,27}
[.#....] (0,1,3,5) (0,2,3) (0,1,2,4) (0,4) (0,3,4) (0,1,2,5) {77,22,41,39,43,15}
[#.###.] (0,2,3,5) (0,2,4) (0,3,4,5) (0,3) (0,1,2) (0,2,4,5) {217,11,52,175,51,50}
[..#.#.#] (1,2,3,6) (0,2,3) (1,3,4,6) (0,3,4,6) (0,6) (3,4,6) (5) (0,1,2,3,5) (1,3,4) {20,40,29,72,43,17,67}
[#.#.] (0,2) (0,1,3) {16,7,9,7}
[#..#...] (2,6) (1,2,3,6) (0,1) (0,1,2,4,5,6) (0,3,6) (0,2,3,5,6) (4,6) {66,32,53,36,24,32,80}
[####..#.##] (0,4) (4,5) (1,3,5,8,9) (0,2,3,4,5,7,8,9) (3,4,7) (1,3,7) (3,4) (1,4) (1,2,5,9) (0,1,3,4,6,8,9) (0,4,5,6,9) (3) {51,52,20,112,84,50,34,47,47,64}
[..##.#.#.#] (2,5,9) (0,1,2,4,5,6,8,9) (1,2,3,4,8) (0,1,2,3,4,5,6,8,9) (2,3,5,6,7,8) (1,2,3,4,6,7,8,9) (0,2,3,4,5,6,8,9) (7,8) (3,4,5) {48,245,296,279,284,100,262,232,297,264}
[##.#####.] (2,5) (2,5,7) (4,5) (0,1,4) (5,6,8) (1,7) (2,3,7,8) (0,1,4,6,8) (0,1,5,7,8) {27,35,16,1,15,45,25,29,39}
[..##.###] (1,3,4,6) (1,7) (1,3,7) (0,1,2,3,4,5,6) (1,2,3,4,5,7) (2,4,5) (0,6,7) {198,20,20,8,22,20,200,210}
[##...#..] (1,2,3,6) (2,3,7) (2,3,4,7) (0,1,3,4,6,7) (0,1,2,3,4,5,7) (0,2,4) (0,3,5) (1,3,4,5,6,7) {150,152,77,185,164,17,139,168}
[#..#..] (0,1,2,3,5) (1,2,5) (3,4) (0,1,3,4) {21,21,5,133,128,5}
[.###.##.#] (4,6) (0,2,3,5,6,8) (1,2) (2,4,5,6,8) (3,5) (0,1,2,3,4,6,7) (1,2,7,8) {14,24,55,21,34,38,45,22,50}
[.##....] (0,3) (0,2,3,6) (1,2,3,4,5,6) (0,4,5) (0,1,2,3,4,5,6) (1,2) {32,26,32,29,32,32,22}
[.....#.#] (3,4) (0,2,4) (0,1,2,4,5,7) (1,3,4,5,6) (0,3) (0,3,5,6) (1,3,7) (0,1,3,5,6) (1,2,4,6) {174,54,19,202,47,53,49,23}
[####.] (0,1,2,3) (3) (1,2) (0,1,3,4) {19,20,13,23,7}
[.###.#.#] (0,1,2,3,4,5,6) (3,4,5,7) (0,3,4) (0,1,2,3,6) (2,3,4,6,7) (0,1,2,4,5,7) (0,1,4,5) (1,4,7) (0,1,2,4,6) {58,76,229,229,264,55,220,227}
[#...#] (2,4) (2,3) (0,2) (0,1,2) (0,4) {196,6,193,3,14}
[###.] (1,2,3) (0,1,2) {189,191,191,2}
[.#..##.##] (0,1,2,6,8) (1,2,4,6,7) (2,5) (0,1,8) (0,1,2,6,7) (0,2,4,7) (0,1,3,4,5,6,8) {60,49,46,18,45,18,45,38,30}
[.###.##] (0,2,4) (0,1,3,4,5,6) (1,3,4,5,6) (1,4,5) (1,3,6) {177,195,15,190,195,180,190}
[#.##.] (1,2) (0,1,2,3) (1,3,4) (1,2,3,4) (0,1,4) (0,4) (2,3) {46,67,40,39,47}
[....#..] (0,3,5) (0,1,2,3) (0,6) (1,5) (0,1,2,4,6) (0,1,3,4) (2,5,6) {55,32,12,33,22,30,23}
[.#.#.###..] (0,1,3,6,7,8,9) (1,2,5,6,7) (2,3,8) (0,2,5,6,7,8) (0,1,2,3,6,7,8) (0,1,3,5,6,7,8,9) (1,3,7,8) (0,1,2,3) (0,1,3,4,9) (0,1,5,7,8) (0,1,2,3,6,7) {79,91,67,84,9,58,64,89,96,31}
[.##..#] (0,1,2,3,4) (0,1,2,3) (1,2) (1,2,4,5) {128,145,145,128,118,6}
[#.####.] (0,1,2) (3,4,5) (0,2,3,4,5) (6) (2,3,6) (0,1,2,4,5,6) (1,6) (2,5,6) {28,21,53,35,43,61,47}
[#...##] (2,5) (0,3,4,5) (0,1,3) (0,2,3,4,5) (1,3) (5) (3) {47,19,176,68,31,208}
[###..##.] (2,7) (0,1,3,4,6,7) (1,2,3,6,7) (1,4,5,6) (0,3,4,5,6) (0,1,2,3,7) {20,42,29,32,28,20,40,37}
[##.#] (0,1,3) (0,1,2,3) {24,24,8,24}
[#.#.] (0,2) (0,1) (0,3) {39,11,10,18}
[.##..###..] (0,1,6) (0,2,8) (0,1,3,5,6,7,8,9) (0,2,4,5,6,7,8) (3,7) (0,5,8) (0,4,5,6,8,9) (0,1,2,3,6,8,9) (3,4,5,7) (2) (0,6,8) (0,1,3,4,5,6,7,8,9) (0,5,9) {109,31,47,47,62,95,86,61,95,60}
[##..#.#.#.] (0,1,2,3,4,5,6,9) (2,7,8) (1,5,9) (0,2,3,5,6,7,8,9) (0,1,3,4,5,6,8,9) (1,2,6,7) (0,5,6) (0,3,4,5,6,7,8) (0,5,6,8,9) {77,46,36,64,49,84,85,41,59,61}
[####.#] (4) (0,1,3,4,5) (1,3,4) (0,1,2,4,5) (0,2,5) {14,12,5,10,16,14}
[#.##.#...#] (3,4,5,8) (0,4,9) (0,2,4,5,6,7) (0,4,8) (0,1,2,3,5) (0,1,3,9) (2,6) (0,2,3,5,9) {61,26,37,36,25,23,17,3,15,33}
[#..###] (0,5) (1,3) (1,2,3,4) (1,3,5) (0,1,3,4,5) (0,2,3,5) (1,2,3,5) {195,39,214,225,26,205}
[#.##] (3) (0,1) (1,2,3) (0,2,3) (0,2) {197,187,34,33}
[#....##] (0,1,3,4) (1,2,3) (1,3,4,5,6) (2,4,5) (1,4,5) (0,2,4,5,6) (0,1,5,6) {13,48,17,32,41,28,7}
[.###] (1,2) (0,2,3) (0,1) {199,33,198,182}
[#....###] (1,2,4,5,6,7) (0,1,2,3,7) (1,2,3,4,5) (0,2,5,6,7) (0,1,2,3,5) (0,3,4,5,6) (3,4) (2) (0,1,2,3,5,7) {140,165,188,164,53,44,29,153}
