0:
##.
###
#.#

1:
###
#.#
#.#

2:
.##
##.
#..

3:
###
.#.
###

4:
##.
##.
###

5:
..#
.##
###

37x43: 28 31 34 28 24 23
48x41: 26 34 37 40 39 31
38x39: 37 36 41 43 35 37
46x39: 37 44 48 38 62 48
50x35: 29 29 33 26 24 34
46x47: 26 42 38 46 33 39
49x35: 48 38 47 38 44 51
49x43: 41 41 33 28 42 39
50x38: 35 33 24 34 36 30
46x49: 60 47 68 55 55 66
40x49: 48 45 45 64 55 42
50x37: 34 34 36 30 27 30
47x48: 49 41 37 43 36 33
36x40: 24 21 28 30 26 27
36x41: 40 39 34 32 40 42
43x48: 44 38 40 23 51 27
35x50: 31 30 33 33 20 29
41x47: 35 31 31 32 32 33
46x48: 48 37 40 41 36 37
44x39: 45 46 44 47 39 43
37x45: 37 40 44 43 42 52
36x50: 48 42 47 45 40 57
49x38: 24 39 33 25 37 33
38x37: 37 23 50 35 43 32
48x43: 34 39 41 33 30 47
50x44: 49 63 55 47 64 61
37x46: 37 55 47 45 43 35
49x49: 45 49 39 46 44 33
48x38: 48 46 46 47 50 43
48x41: 42 28 49 26 20 42
36x35: 32 43 28 32 24 34
37x41: 35 38 33 46 46 33
38x43: 26 30 20 34 22 36
48x49: 39 44 52 44 34 42
40x45: 33 35 39 35 24 28
35x44: 27 30 18 22 30 27
45x44: 37 36 41 30 40 26
49x39: 52 43 57 51 53 39
43x35: 20 24 23 30 34 23
46x43: 30 38 44 34 36 27
46x37: 31 35 20 32 30 32
50x48: 60 56 57 78 64 52
47x45: 29 35 49 27 39 46
47x35: 46 41 39 38 38 52
47x35: 36 16 29 37 27 20
39x49: 44 44 61 50 48 51
44x50: 46 48 32 32 26 39
36x40: 32 30 38 49 37 36
39x49: 50 55 51 45 44 50
50x47: 41 44 45 42 27 40
39x46: 51 39 42 48 43 53
44x42: 31 34 22 32 33 43
39x41: 36 46 47 34 37 49
39x35: 27 40 37 32 38 37
50x43: 62 56 61 45 57 51
38x42: 20 28 39 29 28 23
37x35: 24 24 21 24 19 20
46x43: 49 51 43 55 56 48
43x47: 42 59 48 59 50 52
41x40: 24 25 30 33 23 33
44x49: 53 59 43 63 57 53
45x44: 43 59 55 58 48 42
50x37: 49 47 40 47 56 43
47x45: 55 46 61 55 54 57
39x43: 29 32 31 28 31 30
37x37: 48 28 39 35 28 34
36x41: 36 24 21 36 20 18
47x41: 33 28 38 39 29 27
42x47: 33 42 29 39 33 33
41x49: 48 44 53 55 57 53
45x47: 32 50 37 40 30 35
38x46: 48 46 43 42 44 46
39x43: 31 26 38 30 29 27
44x43: 30 31 30 35 30 39
40x36: 32 16 19 30 32 26
37x50: 50 46 64 34 45 51
39x35: 28 20 26 22 26 21
36x42: 34 30 30 22 28 24
42x42: 28 44 50 50 55 46
38x45: 41 37 49 42 51 45
50x49: 56 63 61 65 60 73
44x42: 57 53 55 36 44 41
39x43: 41 49 40 45 41 41
42x43: 42 36 47 62 48 43
39x39: 42 37 34 43 38 39
50x41: 41 56 44 46 63 65
36x40: 29 27 24 30 25 21
37x39: 26 37 36 38 54 30
37x40: 21 37 25 24 25 23
42x50: 51 58 56 50 55 54
46x39: 54 40 46 41 56 38
50x39: 45 49 57 48 48 56
41x49: 48 45 64 56 53 46
37x49: 44 50 57 39 47 45
35x48: 38 22 37 28 27 23
42x40: 44 41 56 47 33 41
46x46: 37 34 36 42 32 43
36x39: 22 28 16 39 26 24
46x40: 31 20 27 34 41 41
46x48: 60 58 55 55 65 45
40x38: 44 33 45 40 34 40
41x41: 40 41 57 49 37 38
36x43: 45 45 41 36 32 40
37x46: 21 30 34 26 36 32
39x40: 26 34 33 25 18 32
40x44: 55 52 34 37 55 33
41x45: 37 26 31 30 38 32
46x47: 38 43 38 34 40 32
40x47: 44 49 57 52 42 48
46x48: 51 69 62 55 46 59
37x35: 38 38 27 26 33 36
43x41: 26 30 30 33 36 27
38x45: 44 42 39 44 54 38
40x44: 42 39 52 47 43 51
38x42: 26 25 33 32 29 23
38x46: 32 29 33 29 28 28
38x36: 29 20 26 25 19 24
37x39: 19 30 24 21 29 32
39x38: 38 36 43 37 36 40
41x41: 26 25 32 26 30 30
43x44: 38 27 25 29 43 34
38x49: 54 56 46 39 46 45
42x36: 39 36 39 36 51 31
41x39: 42 42 35 46 43 36
46x42: 63 41 61 50 40 45
36x45: 28 33 29 34 25 30
36x36: 31 37 20 45 36 26
50x37: 45 55 41 58 37 47
35x47: 52 34 45 41 40 42
38x42: 35 40 37 49 35 50
47x39: 30 25 41 37 24 37
38x38: 42 35 29 48 31 35
35x43: 33 43 27 42 41 43
41x35: 36 31 47 33 41 36
36x40: 21 19 27 32 31 26
43x41: 42 32 28 29 27 24
36x48: 32 36 35 22 31 36
43x46: 27 29 32 40 44 38
35x37: 19 23 16 21 29 24
37x43: 26 30 27 30 27 28
45x46: 34 37 36 36 34 48
37x47: 30 30 28 27 26 39
42x44: 36 29 30 29 36 35
46x43: 50 51 50 48 50 56
49x47: 45 38 36 38 41 42
35x48: 39 44 45 48 37 47
46x42: 55 50 51 54 39 49
35x46: 38 43 43 41 39 45
46x47: 61 56 54 45 52 66
40x40: 43 40 39 43 38 43
40x48: 60 44 46 36 57 52
41x47: 52 51 53 50 48 43
38x38: 20 22 22 26 26 28
43x47: 58 47 49 43 45 71
40x40: 49 41 39 42 39 35
47x43: 29 33 39 45 31 32
37x36: 38 33 25 32 44 30
43x36: 33 49 49 36 40 33
40x42: 37 27 29 25 32 32
45x44: 64 50 44 41 54 50
37x43: 24 35 26 26 25 31
46x48: 34 33 48 46 42 37
44x38: 58 36 33 41 49 37
39x44: 44 45 42 45 41 47
40x43: 32 34 22 32 33 29
47x37: 22 30 44 22 37 25
46x37: 28 32 28 37 33 21
43x48: 37 39 41 49 20 38
40x39: 26 32 27 24 30 30
35x44: 34 27 19 24 23 27
42x45: 34 39 44 35 21 36
40x39: 36 37 39 37 44 48
48x49: 71 70 55 53 55 56
39x35: 33 20 21 20 23 26
39x42: 40 49 24 46 46 42
39x43: 61 37 37 47 34 40
40x38: 33 39 45 43 36 40
48x38: 41 48 43 46 42 62
44x39: 47 38 43 50 42 44
39x42: 35 47 39 43 42 46
44x36: 33 43 28 46 45 46
41x46: 37 37 30 32 18 41
41x45: 43 45 54 50 52 41
35x40: 28 19 23 29 24 19
50x48: 41 38 41 33 53 49
45x38: 45 36 61 48 37 41
37x43: 45 34 43 37 43 44
49x50: 42 33 40 50 41 49
45x39: 48 47 34 45 56 36
38x45: 45 50 35 48 43 39
37x44: 27 33 22 39 27 20
40x36: 13 31 29 26 29 28
38x45: 29 37 26 29 24 35
38x43: 28 21 22 36 29 32
46x36: 35 28 24 31 29 32
41x44: 44 52 43 40 40 60
39x49: 50 54 35 48 45 60
45x36: 42 40 37 50 38 41
47x37: 42 37 48 52 45 45
44x43: 48 60 39 43 54 44
46x37: 45 51 47 44 34 42
45x40: 29 39 32 22 34 39
48x49: 46 64 66 54 66 69
50x46: 36 46 38 42 43 34
44x43: 42 30 34 30 26 34
49x48: 32 35 56 46 38 49
45x44: 36 39 36 28 33 38
50x35: 37 37 29 26 27 20
49x48: 53 52 63 59 68 69
35x50: 28 31 28 29 38 22
44x36: 43 40 37 51 30 42
36x36: 32 29 36 32 34 38
41x37: 30 31 20 20 26 28
43x41: 31 26 34 26 30 35
46x46: 41 38 38 35 37 36
43x42: 31 28 33 36 37 30
50x47: 62 67 56 60 58 57
43x49: 40 35 44 31 35 38
46x48: 48 57 54 64 66 49
40x40: 31 47 42 43 42 42
43x42: 36 36 27 38 27 32
47x50: 36 44 37 43 42 37
47x35: 48 32 45 48 39 42
37x48: 39 32 29 27 27 38
36x36: 30 30 29 32 47 30
42x39: 39 24 22 38 33 25
44x40: 50 42 47 46 44 42
49x35: 25 26 36 30 27 32
44x50: 37 35 48 34 34 36
43x41: 43 46 42 48 45 47
47x36: 33 23 24 31 34 34
42x41: 36 29 22 37 29 29
50x43: 57 61 45 63 54 47
40x43: 32 40 26 26 26 32
36x35: 26 28 36 32 37 37
47x44: 52 62 57 43 57 48
50x48: 42 40 51 39 36 48
42x39: 29 33 38 23 27 31
42x44: 33 36 23 40 40 23
49x40: 54 50 45 51 57 42
48x39: 41 62 38 46 48 51
41x44: 29 39 21 30 31 31
50x35: 51 52 39 43 43 39
48x47: 30 51 44 51 32 32
38x38: 42 33 33 42 36 35
48x40: 34 38 41 28 30 36
35x47: 28 25 26 32 27 27
41x40: 29 24 22 33 31 30
43x41: 35 23 29 27 31 37
48x46: 54 62 58 48 64 54
37x50: 25 36 27 33 38 33
46x44: 47 43 59 51 60 54
38x45: 39 45 51 48 47 34
42x47: 29 35 39 30 31 45
49x41: 37 26 37 37 36 34
48x40: 41 36 29 29 34 38
47x44: 36 35 34 35 36 34
46x41: 63 41 52 40 49 46
49x48: 47 50 44 42 38 35
41x46: 26 35 33 41 30 30
46x39: 45 43 45 41 51 52
50x44: 33 34 35 42 50 30
44x46: 33 36 39 37 38 26
45x39: 29 32 37 32 34 31
46x50: 29 37 34 39 54 46
43x48: 39 41 38 32 36 38
35x36: 39 28 33 29 35 30
47x47: 62 65 52 55 52 52
45x42: 46 48 44 54 48 50
46x50: 44 40 45 34 40 37
44x39: 22 29 39 25 37 30
38x44: 38 23 28 34 20 25
46x39: 36 26 32 22 37 41
45x38: 28 30 33 37 26 26
43x49: 31 32 36 35 42 47
47x42: 55 54 54 44 46 52
45x44: 30 35 39 39 31 36
45x48: 57 59 65 53 61 38
35x38: 35 30 33 32 32 44
46x41: 31 35 31 34 28 36
44x39: 48 39 46 41 47 44
35x42: 38 38 38 43 35 34
40x41: 25 26 30 27 29 31
36x39: 40 29 36 39 37 35
36x36: 25 17 27 22 23 29
45x47: 56 54 65 52 51 50
47x50: 38 37 57 45 27 36
45x43: 31 33 43 34 38 31
45x45: 58 49 48 53 56 46
42x36: 52 30 34 33 41 42
50x37: 51 44 53 37 50 52
48x44: 58 48 45 60 54 58
50x37: 50 61 36 49 47 37
38x48: 53 52 41 50 45 37
38x47: 42 49 51 45 46 43
41x42: 41 43 45 41 48 48
45x40: 39 29 27 39 27 33
42x39: 50 31 50 47 44 31
39x43: 27 30 31 28 30 36
43x44: 51 59 43 32 56 49
42x50: 47 52 61 61 47 58
38x36: 21 27 19 26 22 28
47x44: 59 52 49 58 47 52
46x48: 60 55 53 63 46 63
47x41: 36 51 61 61 49 41
43x44: 35 30 29 36 38 28
43x44: 41 28 35 25 38 28
46x45: 46 50 50 48 52 75
50x37: 39 24 35 37 24 33
43x48: 44 45 29 40 28 38
43x49: 53 52 62 59 51 49
45x42: 53 32 59 54 47 49
38x36: 23 25 16 26 27 26
39x37: 28 26 24 33 25 19
50x43: 67 51 63 54 56 40
40x36: 25 30 20 29 26 26
44x39: 39 26 28 28 31 29
48x40: 41 22 30 28 41 46
36x36: 19 22 30 28 25 19
49x37: 48 34 48 56 44 50
46x39: 33 36 23 32 41 29
45x38: 30 31 31 29 33 25
44x36: 30 27 20 25 33 32
50x35: 48 39 30 54 45 50
36x45: 19 40 26 30 30 34
39x35: 39 32 27 48 27 35
37x49: 50 40 47 44 54 44
39x44: 37 53 54 38 43 42
45x38: 42 50 47 42 35 49
35x37: 30 21 18 21 20 21
40x46: 37 53 38 48 63 41
35x43: 23 39 70 36 32 41
49x35: 29 31 24 29 31 32
46x42: 30 29 31 32 40 47
44x49: 47 55 55 62 62 50
47x37: 35 27 33 19 34 31
42x46: 26 32 46 40 35 31
49x50: 37 51 43 35 50 39
37x36: 35 38 29 39 34 28
35x42: 47 30 29 37 42 39
47x43: 49 50 64 58 57 34
44x44: 42 54 54 48 54 47
41x42: 42 43 42 49 37 53
40x42: 36 44 44 46 46 43
39x48: 36 30 33 34 35 40
45x41: 58 48 33 48 47 46
38x42: 46 30 45 42 37 48
46x50: 41 51 42 42 37 27
41x41: 24 28 26 30 30 30
42x47: 56 43 38 49 55 61
40x50: 35 32 34 32 45 29
36x44: 20 28 27 33 26 33
50x40: 51 54 49 49 54 50
50x44: 62 46 52 64 60 53
45x50: 55 69 50 48 53 71
49x40: 40 33 29 34 36 36
50x49: 74 62 57 56 60 67
50x48: 46 40 51 34 48 37
39x43: 35 26 34 30 33 23
38x41: 43 38 42 40 42 35
43x50: 40 54 63 59 58 60
38x46: 46 46 45 49 47 35
39x45: 36 39 34 23 28 34
43x43: 26 34 34 40 26 35
40x45: 46 41 44 52 51 42
47x43: 34 35 38 28 39 35
41x49: 51 42 58 56 59 44
43x43: 43 46 44 50 51 50
36x49: 36 36 35 33 21 30
46x39: 30 27 40 28 35 34
44x46: 60 48 55 55 51 42
50x39: 49 49 39 47 59 55
37x41: 35 44 43 42 37 33
36x35: 20 16 27 23 23 22
50x41: 38 31 30 38 34 36
49x40: 42 58 58 42 48 57
42x37: 40 44 40 50 27 38
42x37: 26 22 23 35 35 27
38x45: 45 41 39 48 44 45
36x45: 26 33 32 32 27 29
47x42: 48 55 49 49 48 55
48x41: 53 47 53 55 51 44
50x45: 64 65 51 59 50 55
39x35: 34 37 35 31 39 34
35x37: 37 36 37 29 27 35
35x41: 45 29 30 39 41 35
36x41: 43 33 32 35 43 40
37x47: 31 25 30 23 44 26
50x50: 60 55 69 65 75 62
48x50: 51 63 58 58 74 65
46x45: 42 32 38 33 40 39
36x40: 28 24 30 24 25 24
37x49: 34 45 48 55 49 49
36x41: 45 27 36 41 44 33
37x38: 42 39 38 36 22 41
44x39: 48 46 41 33 47 49
42x35: 36 40 43 27 39 44
36x49: 35 37 34 30 28 28
46x38: 37 29 31 30 25 27
43x40: 47 43 35 53 43 41
36x42: 23 34 19 27 33 31
37x35: 31 39 31 23 41 34
47x46: 33 43 41 34 30 43
42x38: 32 33 29 21 29 24
45x42: 36 44 54 49 48 64
38x46: 40 46 37 42 51 52
43x47: 62 54 48 44 51 51
47x43: 45 51 52 56 50 58
43x37: 39 41 38 47 45 33
44x47: 29 31 39 33 41 37
50x45: 49 44 33 28 40 46
42x42: 31 35 34 34 31 31
46x47: 45 28 34 38 45 35
43x39: 43 41 40 44 48 41
44x42: 48 55 43 52 46 38
39x40: 46 43 37 30 47 36
41x40: 25 32 27 28 31 26
42x38: 27 31 34 27 29 20
35x48: 43 52 44 43 39 37
43x49: 54 64 45 49 61 48
37x49: 52 43 53 43 45 45
44x35: 26 24 23 28 29 24
42x39: 35 25 34 29 26 33
45x41: 54 48 45 35 58 43
37x40: 43 32 39 44 41 28
36x45: 41 49 36 47 28 48
37x39: 27 33 21 24 20 30
48x45: 37 45 42 42 35 39
44x49: 67 50 50 52 60 51
36x39: 25 31 25 23 27 25
50x43: 28 45 48 52 23 27
37x42: 28 29 23 25 34 28
47x35: 43 38 38 57 40 35
49x37: 52 35 55 50 47 42
40x40: 33 41 36 54 35 47
45x46: 49 50 56 59 50 56
41x49: 35 32 34 40 33 34
50x41: 24 33 29 35 51 35
45x40: 41 44 42 62 46 40
36x39: 31 36 32 42 40 34
36x36: 36 26 41 32 34 33
48x37: 44 57 45 35 48 44
45x44: 30 38 44 38 32 28
43x38: 55 34 47 39 42 35
47x48: 43 39 40 30 49 39
49x43: 40 42 42 42 33 25
39x41: 47 38 45 40 33 45
38x43: 38 33 46 46 42 49
37x44: 29 31 27 33 23 25
48x38: 47 52 48 51 37 46
36x49: 34 47 52 46 48 47
36x39: 22 35 23 23 24 28
44x42: 41 42 46 41 62 53
47x43: 45 66 54 49 50 47
37x45: 33 51 33 35 58 44
47x40: 39 35 32 26 25 38
49x45: 55 62 53 58 62 47
50x41: 41 30 33 30 40 33
41x44: 52 35 41 52 47 50
50x42: 37 37 41 39 36 34
35x39: 30 38 48 33 23 43
47x35: 32 29 29 27 24 23
50x40: 38 44 36 29 37 23
44x36: 36 38 40 45 43 42
38x40: 25 23 23 38 22 25
35x39: 25 16 29 29 28 16
37x35: 33 38 32 30 33 33
44x39: 60 40 41 44 42 35
41x49: 34 31 44 33 34 31
39x44: 39 29 26 32 26 29
44x35: 47 33 38 33 46 40
39x39: 38 46 36 41 35 37
40x41: 56 49 33 41 35 35
43x49: 47 55 48 57 60 56
50x35: 36 28 28 21 32 30
38x35: 35 33 39 38 34 26
38x37: 22 28 23 28 24 19
38x38: 39 34 34 32 44 39
46x46: 59 56 49 53 55 52
43x37: 29 23 22 31 31 32
42x45: 42 51 49 47 49 54
40x36: 49 34 34 30 37 37
41x37: 44 41 32 49 32 33
42x35: 38 38 35 51 31 32
40x50: 41 31 30 32 37 36
37x50: 42 50 45 50 50 47
46x37: 54 48 44 37 42 36
45x37: 30 25 32 30 27 35
39x37: 27 28 24 27 21 29
44x39: 19 24 34 36 38 31
48x36: 48 41 40 45 45 46
45x45: 55 46 67 55 37 57
45x50: 34 35 36 47 42 45
41x40: 30 29 30 25 31 24
35x43: 30 41 48 37 44 34
39x50: 35 34 32 33 42 32
37x50: 46 43 57 48 43 51
39x39: 48 35 42 29 49 31
45x45: 56 54 49 46 49 58
43x42: 30 33 36 42 26 28
35x50: 48 32 51 45 47 49
46x43: 40 38 37 32 32 31
45x36: 23 25 26 40 32 34
42x41: 34 34 19 30 31 33
49x36: 30 34 34 31 34 29
40x38: 53 24 41 41 42 33
40x35: 21 22 22 30 22 25
50x40: 50 48 64 45 56 48
50x46: 68 47 72 60 58 52
43x38: 40 45 43 32 49 43
49x46: 41 37 29 41 46 45
42x49: 39 30 48 40 29 38
36x46: 41 35 36 51 36 56
40x44: 43 41 43 52 49 42
40x48: 45 25 30 35 35 38
42x41: 29 34 30 29 31 29
35x39: 28 21 23 22 20 28
39x44: 51 43 39 49 43 37
41x40: 41 45 41 47 33 46
36x35: 24 15 23 25 22 22
48x49: 39 38 45 41 45 47
36x35: 33 31 29 34 30 37
36x42: 31 30 29 28 19 31
49x43: 48 52 36 60 65 59
50x40: 32 37 36 32 32 39
46x48: 34 44 43 40 44 34
46x36: 45 39 42 35 52 42
40x36: 30 33 39 40 33 49
35x43: 34 37 36 35 44 46
50x41: 30 38 38 47 31 24
42x38: 30 48 41 50 41 35
42x39: 40 42 43 41 48 38
43x44: 31 26 32 33 33 40
37x46: 35 39 51 36 50 55
42x42: 33 30 28 28 40 36
50x36: 32 28 32 26 37 36
39x48: 32 37 32 32 37 38
45x40: 39 53 40 47 52 44
38x42: 41 33 44 48 38 43
46x50: 31 44 42 40 43 40
43x42: 38 52 53 41 43 54
44x36: 22 32 34 24 30 25
46x42: 32 38 43 27 37 32
38x37: 32 37 39 39 37 33
49x48: 46 44 49 34 41 42
49x42: 41 29 37 42 35 40
37x48: 23 28 34 33 31 43
36x37: 25 30 18 27 24 20
42x49: 46 26 34 40 36 42
40x38: 28 28 20 25 31 24
49x48: 71 52 45 60 56 76
43x47: 59 47 57 51 46 53
47x43: 49 53 59 43 52 58
39x36: 26 20 32 32 18 27
37x36: 22 40 20 23 20 19
46x45: 40 37 35 34 39 40
35x47: 43 41 45 41 44 40
36x48: 24 33 33 34 31 37
41x44: 57 36 38 42 52 51
43x39: 34 32 26 29 33 28
46x35: 20 19 30 29 32 34
44x41: 35 47 59 40 44 58
47x41: 41 49 58 61 48 41
38x41: 25 23 24 24 28 31
45x43: 46 49 56 45 53 51
40x46: 43 29 26 32 30 34
50x50: 60 69 67 63 62 65
46x50: 62 74 41 55 64 52
36x36: 27 22 16 23 28 27
49x49: 39 53 47 32 41 43
50x49: 35 59 43 35 44 39
41x50: 39 31 29 43 34 31
41x47: 46 39 54 52 52 56
43x36: 53 38 42 31 41 33
36x49: 38 49 43 46 51 44
35x35: 30 17 16 26 17 15
46x45: 29 49 36 38 32 40
43x41: 30 27 35 25 34 31
40x39: 26 32 30 22 35 23
48x46: 44 34 47 32 38 45
37x44: 58 39 42 36 39 36
38x46: 50 40 48 45 48 38
35x47: 41 43 51 46 39 35
36x44: 36 37 45 46 41 40
45x37: 39 49 52 36 46 36
50x47: 62 68 55 60 57 58
50x37: 58 38 46 47 52 43
48x47: 73 57 59 51 61 45
36x47: 30 53 43 49 44 41
44x46: 31 42 43 32 38 23
40x36: 38 34 35 25 48 42
46x42: 27 38 32 38 40 34
36x50: 32 48 57 52 36 57
45x49: 48 31 32 44 36 49
39x43: 32 30 31 28 27 33
43x37: 28 32 21 18 33 35
47x44: 51 54 47 50 48 69
44x42: 28 24 38 35 37 33
43x42: 39 31 32 34 27 33
44x45: 27 34 32 40 38 39
41x48: 52 55 49 52 36 60
49x43: 33 37 35 41 44 34
44x39: 52 44 52 39 40 39
38x39: 19 34 31 23 28 21
36x38: 22 35 19 28 15 25
50x44: 57 52 59 48 59 66
43x47: 52 56 55 55 50 43
42x44: 33 26 30 31 31 44
46x45: 60 57 46 44 50 61
41x42: 34 42 47 52 46 45
50x38: 28 36 29 33 34 31
41x50: 49 54 45 47 68 50
43x43: 41 44 46 55 47 52
35x50: 27 27 25 34 35 28
45x50: 60 61 56 57 55 57
48x50: 33 65 41 37 47 33
49x35: 48 28 44 52 43 50
48x35: 43 48 42 46 39 40
48x46: 60 66 39 54 52 65
50x36: 45 50 41 38 49 54
43x43: 52 46 50 49 50 37
37x42: 30 42 30 42 45 49
38x36: 42 37 25 33 34 37
41x49: 43 38 28 35 36 27
42x35: 41 38 33 35 46 31
46x44: 53 56 47 50 61 42
45x43: 47 50 31 61 51 53
47x44: 57 57 50 52 53 48
47x39: 39 27 34 29 39 27
45x45: 41 30 45 29 44 36
35x45: 29 40 38 44 39 54
43x39: 52 40 33 42 49 39
45x35: 29 41 35 43 48 46
42x46: 40 57 49 53 51 47
40x50: 31 40 31 33 30 43
45x35: 45 52 41 30 34 41
43x41: 58 47 38 34 44 49
49x44: 66 55 60 43 49 61
42x46: 63 42 47 45 54 45
48x45: 46 33 43 37 44 36
47x45: 58 53 60 45 66 44
40x50: 36 34 29 37 41 31
49x38: 51 35 51 58 43 50
39x39: 39 50 31 42 43 25
39x40: 39 36 29 37 46 52
35x38: 27 27 12 20 29 17
42x36: 30 20 22 34 34 27
45x40: 34 31 34 29 31 35
38x41: 37 32 42 48 34 49
48x50: 55 66 49 67 66 63
41x45: 31 34 41 30 30 29
36x43: 20 23 39 26 25 35
50x49: 48 42 47 37 38 44
44x35: 18 33 30 26 24 23
38x40: 41 35 36 45 39 37
43x38: 26 24 23 30 32 33
43x38: 31 28 22 24 28 35
35x49: 27 36 27 34 28 23
40x46: 39 45 42 56 52 48
42x41: 22 28 29 31 40 32
37x47: 39 35 44 57 57 34
48x43: 43 57 60 57 49 54
46x41: 59 47 42 44 46 51
43x48: 38 32 47 28 33 46
39x40: 43 40 38 31 45 43
45x41: 22 38 39 40 33 22
46x40: 35 28 40 29 33 30
42x46: 32 35 34 36 35 38
35x37: 25 16 22 28 13 27
37x37: 42 40 31 31 30 36
40x48: 38 35 31 29 34 41
50x39: 33 42 36 31 33 32
46x50: 41 37 31 42 44 44
36x40: 36 36 38 36 41 35
37x46: 45 47 38 39 50 41
49x44: 62 69 47 33 67 51
37x49: 36 37 35 34 26 23
47x44: 38 37 25 43 24 42
50x35: 52 49 36 41 39 51
41x42: 41 38 47 56 40 44
50x49: 71 47 60 70 61 68
43x47: 50 47 50 49 55 61
40x45: 64 40 52 33 48 41
47x47: 61 59 47 60 57 53
43x46: 32 33 38 33 36 37
35x47: 37 29 17 25 31 25
43x35: 44 37 34 37 36 43
42x49: 58 49 47 60 56 44
38x35: 43 31 42 35 30 25
49x44: 40 39 41 30 39 34
47x45: 49 52 47 51 67 58
40x37: 28 19 26 26 33 23
47x49: 33 39 46 42 39 41
45x36: 29 32 32 32 32 23
38x40: 41 36 39 41 39 38
35x39: 30 26 19 19 22 26
39x46: 55 44 43 42 42 50
48x36: 37 37 54 35 62 44
41x49: 40 28 34 29 33 43
37x39: 39 37 43 29 32 45
45x43: 44 49 64 54 47 43
39x37: 24 29 21 22 19 40
47x41: 31 35 31 30 30 37
36x49: 32 29 31 30 37 33
40x44: 39 54 50 39 47 43
41x36: 41 22 38 41 39 48
49x45: 40 45 47 35 38 35
39x42: 36 25 24 36 31 29
47x40: 26 30 28 33 43 35
42x45: 29 28 35 39 41 37
36x46: 46 42 39 47 37 43
48x35: 40 28 28 30 18 32
40x45: 53 47 33 48 38 56
35x48: 35 28 25 23 34 31
37x45: 52 35 49 34 52 35
40x39: 26 31 30 23 27 32
38x42: 21 26 27 27 34 32
42x40: 28 39 26 25 30 33
36x36: 36 27 25 32 46 31
48x45: 51 50 58 56 59 60
44x35: 19 25 22 34 20 34
40x43: 28 31 25 30 34 34
50x37: 56 45 40 53 46 42
46x45: 50 60 37 47 75 44
50x49: 50 64 64 61 73 66
39x37: 30 30 24 17 25 29
45x35: 52 39 47 36 34 36
35x40: 44 32 36 33 33 38
40x35: 32 35 36 35 45 32
47x43: 57 49 45 52 50 57
35x47: 49 48 31 39 41 42
35x36: 30 36 35 31 30 33
36x43: 27 35 24 25 30 27
46x41: 43 52 52 58 41 45
41x49: 54 50 60 48 48 52
40x44: 46 48 43 42 43 49
47x44: 36 44 33 32 33 32
43x41: 44 53 47 29 49 51
41x46: 44 25 26 31 33 36
40x37: 32 40 41 31 45 40
36x35: 33 27 38 29 30 40
46x46: 60 60 57 57 37 56
37x40: 42 40 37 35 34 40
49x37: 39 35 52 45 50 62
41x43: 55 39 43 45 48 40
50x48: 44 66 35 45 22 43
46x48: 55 55 65 61 52 54
36x35: 21 17 30 20 20 24
44x44: 47 48 42 59 50 50
49x43: 30 41 42 32 37 41
48x49: 54 64 60 66 65 52
44x38: 46 40 37 55 29 50
43x44: 65 44 36 44 50 49
45x43: 46 57 47 54 46 47
48x46: 40 38 43 27 40 51
35x45: 50 34 47 43 38 31
45x45: 41 49 50 55 48 71
37x47: 24 31 29 35 27 33
44x49: 39 41 37 32 39 35
47x42: 35 35 29 33 36 42
40x41: 29 26 44 24 19 27
45x37: 29 35 21 24 36 34
49x50: 66 55 58 72 72 51
42x42: 30 26 29 41 29 40
42x47: 44 51 43 56 56 52
48x47: 56 54 59 50 68 61
48x40: 45 44 56 48 52 53
48x37: 45 57 42 34 52 42
46x43: 35 34 36 39 30 36
42x47: 56 44 44 59 44 56
47x49: 62 62 49 53 66 60
44x38: 31 28 23 38 17 30
46x46: 54 46 50 65 52 58
38x41: 34 40 49 51 37 30
40x37: 30 17 19 36 29 25
38x38: 22 25 25 26 20 26
39x44: 25 36 27 31 27 35
35x46: 39 40 48 43 37 43
39x36: 34 24 20 30 23 25
42x49: 50 50 47 61 57 50
44x49: 50 65 54 52 58 52
46x47: 39 34 35 43 39 35
50x37: 37 23 36 33 26 36
38x43: 27 32 33 18 31 27
36x43: 44 38 45 39 45 27
41x44: 24 26 37 29 40 26
49x43: 52 55 63 50 54 53
36x43: 36 30 28 23 28 22
42x47: 40 42 20 40 28 39
47x44: 25 40 22 42 34 46
37x41: 45 31 34 41 44 37
39x40: 32 23 28 26 30 29
40x41: 23 25 35 20 29 36
43x48: 35 35 43 39 37 35
38x41: 26 24 27 22 30 26
43x35: 24 27 30 25 21 27
41x49: 52 45 41 57 51 62
46x35: 39 40 43 49 33 45
43x40: 48 34 39 45 50 48
38x44: 31 38 26 23 28 22
42x39: 28 30 27 33 35 28
46x36: 32 29 29 29 30 30
37x44: 25 32 23 34 28 25
45x37: 22 34 31 35 27 31
48x44: 40 36 40 27 42 38
44x42: 32 32 25 36 30 40
42x45: 43 62 39 41 46 59
48x41: 42 36 27 28 36 38
47x42: 26 40 29 40 35 39
49x49: 40 45 53 32 46 39
45x48: 36 47 39 40 35 42
41x47: 42 28 34 29 30 32
44x46: 29 36 41 36 36 31
43x43: 41 49 49 51 37 60
48x39: 36 26 44 35 36 30
39x44: 23 31 34 36 24 34
46x47: 41 50 27 43 35 29
42x36: 31 38 34 49 43 36
37x35: 21 18 25 26 22 20
42x43: 44 49 42 40 42 62
45x43: 43 35 31 39 30 32
38x50: 51 48 38 50 51 52
47x37: 28 40 23 31 31 27
35x49: 45 41 38 44 46 49
45x49: 50 41 38 42 30 39
40x38: 21 21 25 29 35 24
40x46: 39 55 44 48 47 50
36x41: 29 27 27 29 24 20
38x39: 20 25 26 36 21 28
35x50: 33 26 23 34 26 33
42x38: 30 25 27 31 24 30
41x43: 54 40 49 49 40 40
42x39: 42 45 35 43 46 39
47x40: 42 43 44 45 62 53
42x37: 43 41 44 31 44 37
49x45: 63 65 54 49 51 57
50x36: 37 49 49 46 45 53
50x41: 40 34 26 32 31 44
37x42: 22 22 29 46 26 23
36x50: 24 32 26 38 36 35
43x36: 27 32 26 26 24 32
40x44: 40 25 34 22 25 36
41x46: 53 52 30 50 47 54
37x49: 26 40 33 33 36 23
41x49: 38 39 28 35 30 38
48x42: 36 39 21 45 38 45
44x47: 56 67 39 53 49 50
43x40: 42 49 39 46 41 47
46x37: 38 27 30 28 30 26
46x47: 48 55 66 58 59 49
43x40: 35 47 26 27 25 22
49x46: 57 72 56 50 68 41
37x35: 22 23 17 19 25 26
40x45: 32 35 31 37 32 28
49x38: 27 35 33 26 34 37
46x45: 50 44 48 59 60 57
39x46: 52 42 54 51 37 42
41x40: 24 21 29 40 31 24
42x46: 42 47 45 57 57 48
42x43: 44 48 55 45 41 48
41x39: 44 37 50 40 41 36
43x48: 50 56 51 64 45 51
45x35: 31 23 24 28 31 28
48x44: 58 57 60 51 46 55
44x50: 35 35 43 32 45 34
45x39: 31 25 37 36 32 34
43x43: 45 49 49 55 42 45
43x39: 31 36 35 54 51 50
49x38: 32 33 29 21 41 36
35x46: 21 26 25 30 39 24
38x41: 14 21 37 28 26 29
42x46: 50 39 52 49 54 55
41x37: 29 35 37 41 53 38
47x36: 33 16 37 42 24 28
48x41: 60 43 60 52 44 46
44x42: 33 28 33 39 29 34
37x35: 23 18 21 29 21 19
35x48: 22 30 43 29 26 25
46x47: 40 35 37 29 47 36
35x37: 22 17 27 19 23 24
45x47: 35 43 31 44 41 30
36x39: 33 43 33 38 34 34
39x43: 42 48 37 40 43 47
43x41: 31 24 30 33 29 35
41x41: 44 40 45 41 44 46
35x49: 26 36 22 29 35 27
38x49: 33 34 22 38 24 41
44x44: 33 28 32 41 22 40
39x44: 28 29 33 33 28 30
39x44: 49 41 31 46 46 48
37x48: 38 54 41 46 43 51
37x39: 34 31 41 34 43 41
43x35: 30 29 23 22 28 22
43x49: 56 54 53 59 49 53
38x50: 55 51 43 55 38 49
45x39: 40 43 48 47 55 37
39x44: 57 43 38 40 51 32
46x37: 45 50 36 43 47 38
40x41: 21 32 31 39 18 27
44x47: 53 72 55 56 49 31
48x37: 47 47 50 44 46 40
46x38: 45 46 41 45 41 51
46x48: 56 51 54 55 55 70
42x45: 44 61 36 52 44 51
44x50: 53 62 44 64 51 62
46x45: 45 37 45 37 29 32
49x37: 39 55 45 49 55 34
46x45: 58 52 61 37 59 54
41x41: 46 54 36 44 34 43
47x49: 64 52 76 49 68 49
42x45: 35 34 42 30 33 35
39x38: 52 35 37 38 35 30
44x46: 55 46 49 48 60 53
37x47: 53 43 40 42 41 48
45x46: 50 52 63 49 53 55
48x40: 47 58 50 56 47 36
44x36: 26 29 30 22 27 33
50x49: 40 46 35 39 46 49
41x44: 29 30 29 28 33 33
35x40: 35 21 23 17 28 18
36x41: 26 26 20 32 21 31
45x39: 29 38 30 33 34 31
38x40: 43 36 38 43 40 33
41x36: 29 51 40 34 35 39
48x48: 56 60 74 55 48 67
41x50: 44 53 50 53 63 52
50x47: 55 50 75 63 63 60
42x45: 35 33 30 36 37 38
47x44: 26 42 37 31 36 38
42x45: 39 27 35 32 43 34
41x38: 30 22 19 25 31 28
46x45: 32 45 38 43 29 37
46x50: 43 40 36 54 42 24
40x45: 41 42 56 46 50 45
45x35: 36 34 35 50 41 46
40x39: 21 28 34 27 29 29
37x35: 17 30 14 27 15 28
46x43: 43 51 56 40 65 51
37x48: 29 37 34 21 34 37
41x37: 32 24 23 30 26 20
35x39: 37 34 31 30 30 49
41x50: 53 58 41 54 57 49
40x44: 63 40 43 37 38 50
36x45: 38 35 24 24 36 22
35x39: 35 30 23 37 39 44
44x38: 25 21 26 31 28 36
40x35: 22 29 26 27 20 19
37x48: 47 47 42 45 48 43
39x43: 36 49 40 50 47 34
44x49: 54 56 61 62 50 50
47x36: 49 44 40 42 44 40
40x45: 47 50 43 48 49 38
50x41: 53 51 52 51 59 49
44x35: 42 52 42 39 34 27
40x35: 43 40 34 30 28 41
40x37: 26 23 26 28 28 25
41x39: 38 40 50 35 49 36
37x45: 53 39 31 39 48 43
50x35: 49 45 41 45 45 43
46x40: 48 44 42 52 49 47
41x49: 50 54 53 46 60 46
47x45: 59 58 50 44 62 51
49x43: 50 54 46 51 62 60
48x36: 30 37 29 32 32 32
40x42: 29 33 31 31 33 25
35x45: 29 43 46 49 38 39
39x49: 49 47 45 46 59 47
43x37: 40 36 44 39 40 48
37x38: 33 35 48 36 39 28
46x39: 40 44 54 54 37 50
46x41: 27 31 34 35 28 40
39x47: 23 28 30 37 46 30
37x37: 37 37 39 30 35 34
42x37: 31 24 34 29 28 21
47x43: 57 56 53 50 46 49
44x45: 42 32 30 28 36 42
40x48: 54 48 42 44 59 46
50x50: 59 71 69 63 63 61
42x50: 51 51 64 62 47 51
43x38: 50 44 38 44 41 32
43x47: 32 41 31 36 40 30
35x37: 16 20 19 23 21 33
46x45: 43 50 53 62 55 56
36x50: 32 34 36 31 34 24
38x35: 25 20 25 18 26 18
41x47: 56 40 51 54 55 40
40x40: 44 42 45 36 38 43
40x46: 67 37 47 38 36 60
38x47: 28 33 26 28 33 32
47x35: 44 46 44 31 40 50
39x46: 29 25 32 40 34 35
49x39: 42 36 41 30 29 30
44x50: 54 53 63 52 66 52
40x40: 54 53 30 29 38 39
48x48: 58 42 34 46 36 39
50x45: 63 53 48 68 58 53
42x41: 42 61 42 40 33 47
36x49: 36 29 32 31 37 26
38x47: 48 49 49 50 39 40
41x47: 46 47 49 46 52 58
